256 00 
11 0100000000 
13 0100000001 
83 01000000100 
98 01000000101 
44 0100000011 
25 01000001 
24 01000010 
43 0100001100 
78 01000011010 
85 01000011011 
107 010000111000 
71 010000111001 
-20 01000011101 
86 0100001111 
10 0100010000 
42 0100010001 
87 0100010010 
96 01000100110 
102 01000100111 
57 01000101 
-7 010001100 
41 0100011010 
69 0100011011 
80 01000111000 
95 01000111001 
12 01000111010 
40 01000111011 
88 0100011110 
105 01000111110 
-22 01000111111 
4 010010 
15 01001100 
-15 0100110100 
67 0100110101 
93 0100110110 
100 01001101110 
101 01001101111 
7 0100111 
50 010100000 
-16 0101000010 
92 0101000011 
56 01010001 
89 010100100 
32 010100101 
9 01010011 
59 010101 
3 01011 
1 011 
-1 1000 
103 10010000000 
-26 1001000000100 
-29 10010000001010 
-25 10010000001011 
-19 100100000011 
14 1001000001 
54 100100001 
-21 10010001000 
97 10010001001 
68 1001000101 
30 100100011 
17 10010010 
23 10010011 
76 100101000000 
109 100101000001000 
-31 1001010000010010 
-30 1001010000010011 
-32 10010100000101 
-33 1001010000011 
-24 100101000010 
-13 100101000011 
-9 1001010001 
63 100101001 
58 10010101 
8 10010110 
49 100101110 
64 100101111 
61 1001100 
-5 10011010 
35 1001101100 
45 1001101101 
91 1001101110 
37 1001101111 
53 100111000 
29 100111001 
51 100111010 
77 100111011000 
108 1001110110010 
-28 1001110110011 
-12 100111011010 
70 100111011011 
-10 1001110111 
19 10011110 
22 10011111 
47 1010000000 
-17 10100000010 
39 10100000011 
90 1010000010 
94 10100000110 
99 101000001110 
75 101000001111 
31 101000010 
52 101000011 
16 10100010 
36 1010001100 
-8 1010001101 
55 101000111 
-2 101001 
6 10101000 
27 101010010 
28 101010011 
5 1010101 
62 101011000 
34 1010110010 
38 10101100110 
66 10101100111 
18 10101101 
-3 1010111 
2 10110 
21 10111000 
104 101110010000 
-37 101110010001000 
-35 101110010001001 
-42 1011100100010100 
-34 1011100100010101 
-43 101110010001011 
-23 1011100100011 
-11 10111001001 
79 101110010100 
84 101110010101 
-18 101110010110 
73 101110010111 
-6 101110011 
60 1011101 
20 10111100 
-14 10111101000 
74 10111101001 
46 1011110101 
33 1011110110 
65 1011110111 
26 101111100 
82 101111101000 
106 101111101001 
72 1011111010100 
-27 1011111010101 
81 101111101011 
48 1011111011 
-4 10111111 
0 11 
